201
177
149
105
63
182
153
76
27
181
204
80
171
215
93
21
60
8
54
209
131
247
0
213
36
114
146
88
138
5
232
46
55
158
143
248
141
33
175
19
11
144
219
132
192
199
230
98
214
162
124
207
67
117
189
65
187
51
122
231
150
56
246
152
62
233
84
223
237
186
82
244
97
190
12
130
200
178
57
139
176
240
194
71
39
35
15
184
34
25
22
99
197
10
216
180
20
212
245
203
211
4
128
129
170
37
70
44
254
94
151
126
147
14
168
48
103
45
241
224
193
255
140
174
9
90
125
196
145
47
106
81
243
31
59
77
87
100
101
18
173
208
6
164
112
3
111
38
157
104
120
242
73
166
110
142
238
50
108
252
52
202
227
75
127
225
183
221
1
7
228
165
239
148
115
159
251
134
236
28
169
30
78
43
172
24
133
16
119
198
191
68
217
113
13
253
83
179
121
109
250
96
41
136
156
102
66
160
155
235
58
118
249
69
2
23
17
188
234
163
116
167
205
61
195
123
137
229
29
222
154
79
218
185
49
91
226
85
64
107
72
161
86
135
89
53
210
26
220
40
92
42
32
95
74
206