74
47
111
1
82
120
77
116
73
50
106
56
46
113
113
107
99
85
24
49
101
79
100
122
9
121
32
127
108
93
114
31
104
14
49
43
39
116
95
2
61
29
103
34
57
120
13
50
6
75
100
83
66
62
125
97
64
111
5
61
3
10
76
5
16
83
87
41
123
23
6
60
115
25
3
86
57
30
92
104
86
71
29
47
20
102
19
18
105
25
79
94
42
121
67
90
103
108
119
73
23
46
12
81
60
89
44
51
126
123
17
24
117
91
15
0
118
65
68
58
72
26
8
80
38
21
70
126
87
18
14
88
11
21
55
48
95
36
42
96
15
69
13
94
78
92
4
27
51
9
110
71
17
30
85
74
59
109
8
33
97
40
53
72
67
70
122
52
26
35
19
112
16
0
109
28
2
81
127
63
110
84
106
75
90
1
58
59
37
54
22
65
7
68
43
45
10
93
28
32
55
64
112
117
41
62
45
119
39
107
78
115
99
66
33
40
56
69
77
124
89
52
105
84
96
88
91
44
125
38
22
54
7
34
4
27
124
118
98
63
20
35
48
102
98
80
31
76
82
101
12
37
11
36
114
53
