23
68
254
20
158
94
6
87
0
155
161
79
126
194
169
245
75
35
182
139
141
41
9
83
187
230
37
56
119
173
74
144
129
142
185
99
120
103
84
73
76
89
117
151
165
55
128
18
3
160
70
33
67
58
121
116
34
63
196
107
10
149
244
1
22
179
241
236
162
215
122
90
60
92
102
133
82
143
253
178
98
157
248
213
235
57
247
188
246
237
163
52
140
243
234
86
47
175
138
217
135
191
39
197
51
183
242
131
46
180
229
43
114
227
61
186
42
156
72
164
21
78
212
36
38
210
228
77
184
170
127
232
199
137
203
29
25
168
16
207
216
233
96
167
198
101
108
192
181
31
146
195
12
44
221
80
113
40
105
2
81
91
53
152
125
240
214
100
193
174
154
219
7
159
65
200
93
148
202
71
145
190
225
26
32
153
226
19
49
111
255
238
231
45
123
130
220
218
109
176
110
208
28
64
209
206
211
5
11
4
85
136
150
62
30
106
15
59
104
172
8
124
201
222
224
118
132
115
239
69
147
251
95
54
48
171
205
252
166
88
50
204
249
97
66
189
27
223
14
13
112
250
24
177
134
17