63
3
68
52
112
119
23
89
103
46
12
104
4
51
10
7
11
24
80
38
43
38
15
2
8
113
72
120
8
122
29
119
4
31
87
66
83
116
76
92
75
25
88
88
106
126
22
77
64
105
15
20
16
81
93
29
70
37
96
111
39
50
101
99
117
109
117
118
69
21
17
72
121
50
107
27
53
36
83
71
37
90
56
60
28
99
84
57
49
71
98
114
5
62
120
55
110
67
123
52
95
74
35
78
19
104
54
34
32
45
28
46
59
26
61
107
59
35
115
123
6
0
9
85
13
108
23
19
81
127
14
100
39
58
21
26
16
109
30
40
115
124
91
86
18
33
45
25
69
24
80
79
17
116
48
53
51
125
9
58
91
62
95
14
47
41
112
13
7
3
101
85
54
5
49
22
127
0
90
64
84
42
11
96
44
56
2
78
75
12
82
125
103
98
33
93
57
10
61
74
118
89
60
126
73
108
43
79
110
65
82
76
102
66
113
77
55
18
86
122
106
97
20
63
47
111
44
68
94
30
100
6
27
92
105
87
73
36
65
102
34
121
48
32
94
70
124
31
1
42
41
1
40
114
97
67